EEEE..E
======================================================================
ERROR: test_1Drfft (test_fft.TestFFT)
----------------------------------------------------------------------
Traceback (most recent call last):
  File "C:\Users\mutation\Desktop\theano-testcase\tests\test_fft.py", line 49, in test_1Drfft
    utt.assert_allclose(inputs_val, np.asarray(res_irfft))
  File "C:\ProgramData\Anaconda3\envs\keras\lib\site-packages\theano\tests\unittest_tools.py", line 358, in assert_allclose
    raise WrongValue(expected, value, rtol, atol)
theano.tests.unittest_tools.WrongValue: WrongValue
           : shape, dtype, strides, min, max, n_inf, n_nan:
  Expected : (1, 16) float64 (128, 8) 0.012993640387293892 0.9656663657475566 0 0 
  Value    : (1, 16) float64 (128, 8) 0.012993640387293892 0.9656663657475567 0 0 
  expected    : [[0.65133266 0.22648177 0.23185916 0.7334455  0.49872977 0.01299364
  0.87839756 0.85807963 0.33152553 0.19531543 0.18575771 0.96566637
  0.80713744 0.35976432 0.94543559 0.67516002]]
  value    : [[0.65133266 0.67516002 0.94543559 0.35976432 0.80713744 0.96566637
  0.18575771 0.19531543 0.33152553 0.85807963 0.87839756 0.01299364
  0.49872977 0.7334455  0.23185916 0.22648177]]
  Max Abs Diff:  0.9526727253602628
  Mean Abs Diff:  0.5190525393347973
  Median Abs Diff:  0.5557212276042667
  Std Abs Diff:  0.2776066869575533
  Max Rel Diff:  73.31838476089072
  Mean Rel Diff:  5.750908830470015
  Median Rel Diff:  0.7804536877921795
  Std Rel Diff:  17.48267433820274

  rtol, atol: 1e-05 1e-08


======================================================================
ERROR: test_grad_rfft (test_fft.TestFFT)
----------------------------------------------------------------------
Traceback (most recent call last):
  File "C:\Users\mutation\Desktop\theano-testcase\tests\test_fft.py", line 171, in test_grad_rfft
    utt.verify_grad(f_rfft, [inputs_val], eps=eps)
  File "C:\ProgramData\Anaconda3\envs\keras\lib\site-packages\theano\tests\unittest_tools.py", line 92, in verify_grad
    T.verify_grad(op, pt, n_tests, rng, *args, **kwargs)
  File "C:\ProgramData\Anaconda3\envs\keras\lib\site-packages\theano\gradient.py", line 1795, in verify_grad
    abs_tol, rel_tol)
theano.gradient.GradientError: GradientError: numeric gradient and analytic gradient exceed tolerance:
        At position 1 of argument 0 with shape (1, 16, 16),
            val1 = 82.702885      ,  val2 = -80.562678
            abs. error = 163.265564,  abs. tolerance = 0.000100
            rel. error = 1.000000,  rel. tolerance = 0.000100
Exception args: 
The error happened with the following inputs:, [array([[[0.00646065, 0.43051833, 0.80823672, 0.96487938, 0.95279648,
         0.49195713, 0.1522897 , 0.10771524, 0.26172026, 0.25661635,
         0.24979025, 0.92264702, 0.48546838, 0.63689003, 0.73365318,
         0.76696232],
        [0.26310239, 0.3535489 , 0.5509027 , 0.10481956, 0.19072487,
         0.22801195, 0.69083861, 0.00528171, 0.21540471, 0.1216414 ,
         0.76700632, 0.59123452, 0.46112656, 0.01647151, 0.33798561,
         0.93168281],
        [0.26631163, 0.72715766, 0.15994704, 0.22360935, 0.16469184,
         0.88272695, 0.55379742, 0.34102473, 0.06849088, 0.51823334,
         0.49975803, 0.16023174, 0.4869973 , 0.42762283, 0.42949506,
         0.79431146],
        [0.65364864, 0.67040169, 0.8879233 , 0.78622223, 0.71239309,
         0.71426354, 0.86321917, 0.85160145, 0.97017821, 0.80717109,
         0.7679428 , 0.4050023 , 0.31504908, 0.73156564, 0.62804289,
         0.27356539],
        [0.44442393, 0.62352314, 0.52378901, 0.73406148, 0.38208132,
         0.22921766, 0.35203688, 0.80600594, 0.99912473, 0.69343362,
         0.1436485 , 0.49414451, 0.62420955, 0.51916728, 0.83550133,
         0.51940222],
        [0.10549528, 0.84875353, 0.0242989 , 0.43512454, 0.41446072,
         0.17902874, 0.86357799, 0.66326709, 0.68796701, 0.74577023,
         0.82679782, 0.62987435, 0.24160477, 0.44697242, 0.43639629,
         0.93061776],
        [0.05133581, 0.61511862, 0.40047927, 0.94357477, 0.23742762,
         0.49808222, 0.53256465, 0.71429054, 0.26272846, 0.22916418,
         0.10841499, 0.73683923, 0.26699485, 0.49131517, 0.42261904,
         0.41078847],
        [0.41927552, 0.46003098, 0.90536199, 0.36660046, 0.91333455,
         0.69479748, 0.85793277, 0.39394654, 0.12173385, 0.41636047,
         0.03949001, 0.7530323 , 0.37897735, 0.76072965, 0.07040564,
         0.6945848 ],
        [0.97744378, 0.38342119, 0.02423772, 0.62099932, 0.6236422 ,
         0.74631092, 0.21761109, 0.25370138, 0.46134197, 0.19335462,
         0.87509968, 0.83967494, 0.80594013, 0.16682598, 0.90114723,
         0.67916005],
        [0.87578181, 0.61057203, 0.49271396, 0.60643177, 0.37622183,
         0.87438685, 0.502647  , 0.56786245, 0.58232083, 0.7909886 ,
         0.69135338, 0.83778656, 0.57405128, 0.35678833, 0.87565369,
         0.95474538],
        [0.78098879, 0.73020179, 0.63288825, 0.13203577, 0.16623885,
         0.7876881 , 0.7430182 , 0.65752629, 0.0109142 , 0.67872229,
         0.95006311, 0.37740396, 0.63074104, 0.50425514, 0.455552  ,
         0.17775837],
        [0.32480912, 0.77668237, 0.78860663, 0.2009204 , 0.81883279,
         0.05913552, 0.29895099, 0.99370275, 0.04554896, 0.60011694,
         0.94014568, 0.82701993, 0.64575618, 0.8534757 , 0.55742256,
         0.74172893],
        [0.66143268, 0.31587904, 0.42416597, 0.29746969, 0.93227743,
         0.32122584, 0.86297665, 0.61614723, 0.68062213, 0.78446954,
         0.1575641 , 0.13942143, 0.39221391, 0.89194057, 0.63874592,
         0.60899279],
        [0.35883197, 0.86454696, 0.00318026, 0.60371417, 0.12266115,
         0.96074572, 0.15093188, 0.91250538, 0.92677165, 0.3795508 ,
         0.73180682, 0.91442747, 0.37465227, 0.45023857, 0.89316005,
         0.35151921],
        [0.33371168, 0.21097498, 0.53892345, 0.34969104, 0.30102911,
         0.05713982, 0.71068028, 0.66139304, 0.73411488, 0.36192949,
         0.6740195 , 0.85662454, 0.37677778, 0.01864222, 0.85837823,
         0.93904852],
        [0.75470507, 0.96389907, 0.23220495, 0.27850368, 0.68697108,
         0.17325735, 0.43912027, 0.99948267, 0.38529563, 0.66713198,
         0.17557848, 0.82254781, 0.58107263, 0.25882655, 0.8816491 ,
         0.76946152]]])], 
The value of eps is:, 0.1, 
The out_type is:, None

======================================================================
ERROR: test_irfft (test_fft.TestFFT)
----------------------------------------------------------------------
Traceback (most recent call last):
  File "C:\Users\mutation\Desktop\theano-testcase\tests\test_fft.py", line 92, in test_irfft
    utt.assert_allclose(inputs_val, np.asarray(res_irfft))
  File "C:\ProgramData\Anaconda3\envs\keras\lib\site-packages\theano\tests\unittest_tools.py", line 358, in assert_allclose
    raise WrongValue(expected, value, rtol, atol)
theano.tests.unittest_tools.WrongValue: WrongValue
           : shape, dtype, strides, min, max, n_inf, n_nan:
  Expected : (1, 16, 16) float64 (2048, 128, 8) 0.006340258813200106 0.9993129991089991 0 0 
  Value    : (1, 16, 16) float64 (2048, 128, 8) 0.006340258813199967 0.9993129991089993 0 0 
  expected    : [[[0.05404416 0.7534885  0.54907551 0.56045366 0.7671055  0.21078897
   0.9736755  0.50771937 0.49097889 0.84919912 0.31654322 0.79819363
   0.20894901 0.00828292 0.64928251 0.78287426]
  [0.10600493 0.43968816 0.09166968 0.21235807 0.64837616 0.60179681
   0.4684203  0.12959741 0.24601389 0.77644581 0.94747335 0.18831673
   0.95207131 0.97450331 0.59818532 0.59152573]
  [0.24403324 0.33180442 0.43624813 0.43353388 0.3261148  0.0493971
   0.85964188 0.79205476 0.51894757 0.2194376  0.64761314 0.81083346
   0.37593767 0.1583613  0.74428824 0.59305375]
  [0.10850424 0.2295715  0.41988769 0.93801504 0.68364089 0.04064517
   0.16947985 0.51999844 0.7675624  0.25592513 0.48114321 0.10097116
   0.95411734 0.02911458 0.72241687 0.50596048]
  [0.67985301 0.03671169 0.15567476 0.13844643 0.0458779  0.92677609
   0.15817435 0.23479392 0.21824616 0.49834023 0.86638214 0.3872798
   0.06933087 0.05724104 0.03622071 0.57086973]
  [0.4123434  0.35410939 0.44043732 0.23750906 0.2956896  0.15874069
   0.68651944 0.85427246 0.70742547 0.56301974 0.33653441 0.91111082
   0.65449806 0.20102082 0.20599207 0.41088069]
  [0.42617962 0.89704382 0.55436945 0.68849246 0.87521812 0.21226772
   0.98948062 0.9530048  0.8810692  0.01994137 0.4598157  0.36101829
   0.13335841 0.49170228 0.95392698 0.75732149]
  [0.44408134 0.51094693 0.14706215 0.98637399 0.01456855 0.999313
   0.32814478 0.97366822 0.3766619  0.68695601 0.12127493 0.0247109
   0.3492968  0.58075402 0.38338364 0.26009297]
  [0.23844454 0.84709661 0.12195688 0.51540942 0.04103995 0.06012968
   0.84378299 0.48394651 0.80146633 0.43896285 0.11752676 0.35216783
   0.09255172 0.18612307 0.49431496 0.91610964]
  [0.20047585 0.8194431  0.37848302 0.91015635 0.40633904 0.59393425
   0.8940611  0.90440445 0.75526531 0.94220927 0.08620036 0.87430716
   0.52759224 0.80722121 0.41686144 0.68947264]
  [0.66565195 0.78864056 0.86836358 0.17096658 0.69607637 0.29628146
   0.31404761 0.80328932 0.29179764 0.53529825 0.72467154 0.56093071
   0.55939088 0.32473573 0.08934504 0.08764373]
  [0.84816538 0.28586832 0.6709421  0.79986518 0.30682305 0.42572245
   0.29296549 0.52236999 0.9380497  0.06839887 0.04107717 0.06645372
   0.04138537 0.72973743 0.64079485 0.19936767]
  [0.51070703 0.99477012 0.70049702 0.02066147 0.17827522 0.66550871
   0.305031   0.94967251 0.48582589 0.16920526 0.79285181 0.30385217
   0.41101116 0.92008796 0.51347874 0.57071837]
  [0.9652707  0.57790621 0.71919026 0.80227799 0.00634026 0.91055538
   0.23698235 0.09646519 0.34643661 0.63814604 0.62045727 0.26789398
   0.3910099  0.08061318 0.41207849 0.74144541]
  [0.1353494  0.27341393 0.03542599 0.42413226 0.13289948 0.82478808
   0.17857838 0.43939735 0.06645644 0.24663563 0.79493822 0.52490979
   0.34045301 0.53797646 0.75975521 0.30765969]
  [0.43699149 0.70807541 0.90023554 0.86306702 0.08405289 0.57291703
   0.40535822 0.54225641 0.02076264 0.92698558 0.42561029 0.01621585
   0.29405    0.67385457 0.392127   0.86358335]]]
  value    : [[[0.05404416 0.78287426 0.64928251 0.00828292 0.20894901 0.79819363
   0.31654322 0.84919912 0.49097889 0.50771937 0.9736755  0.21078897
   0.7671055  0.56045366 0.54907551 0.7534885 ]
  [0.43699149 0.86358335 0.392127   0.67385457 0.29405    0.01621585
   0.42561029 0.92698558 0.02076264 0.54225641 0.40535822 0.57291703
   0.08405289 0.86306702 0.90023554 0.70807541]
  [0.1353494  0.30765969 0.75975521 0.53797646 0.34045301 0.52490979
   0.79493822 0.24663563 0.06645644 0.43939735 0.17857838 0.82478808
   0.13289948 0.42413226 0.03542599 0.27341393]
  [0.9652707  0.74144541 0.41207849 0.08061318 0.3910099  0.26789398
   0.62045727 0.63814604 0.34643661 0.09646519 0.23698235 0.91055538
   0.00634026 0.80227799 0.71919026 0.57790621]
  [0.51070703 0.57071837 0.51347874 0.92008796 0.41101116 0.30385217
   0.79285181 0.16920526 0.48582589 0.94967251 0.305031   0.66550871
   0.17827522 0.02066147 0.70049702 0.99477012]
  [0.84816538 0.19936767 0.64079485 0.72973743 0.04138537 0.06645372
   0.04107717 0.06839887 0.9380497  0.52236999 0.29296549 0.42572245
   0.30682305 0.79986518 0.6709421  0.28586832]
  [0.66565195 0.08764373 0.08934504 0.32473573 0.55939088 0.56093071
   0.72467154 0.53529825 0.29179764 0.80328932 0.31404761 0.29628146
   0.69607637 0.17096658 0.86836358 0.78864056]
  [0.20047585 0.68947264 0.41686144 0.80722121 0.52759224 0.87430716
   0.08620036 0.94220927 0.75526531 0.90440445 0.8940611  0.59393425
   0.40633904 0.91015635 0.37848302 0.8194431 ]
  [0.23844454 0.91610964 0.49431496 0.18612307 0.09255172 0.35216783
   0.11752676 0.43896285 0.80146633 0.48394651 0.84378299 0.06012968
   0.04103995 0.51540942 0.12195688 0.84709661]
  [0.44408134 0.26009297 0.38338364 0.58075402 0.3492968  0.0247109
   0.12127493 0.68695601 0.3766619  0.97366822 0.32814478 0.999313
   0.01456855 0.98637399 0.14706215 0.51094693]
  [0.42617962 0.75732149 0.95392698 0.49170228 0.13335841 0.36101829
   0.4598157  0.01994137 0.8810692  0.9530048  0.98948062 0.21226772
   0.87521812 0.68849246 0.55436945 0.89704382]
  [0.4123434  0.41088069 0.20599207 0.20102082 0.65449806 0.91111082
   0.33653441 0.56301974 0.70742547 0.85427246 0.68651944 0.15874069
   0.2956896  0.23750906 0.44043732 0.35410939]
  [0.67985301 0.57086973 0.03622071 0.05724104 0.06933087 0.3872798
   0.86638214 0.49834023 0.21824616 0.23479392 0.15817435 0.92677609
   0.0458779  0.13844643 0.15567476 0.03671169]
  [0.10850424 0.50596048 0.72241687 0.02911458 0.95411734 0.10097116
   0.48114321 0.25592513 0.7675624  0.51999844 0.16947985 0.04064517
   0.68364089 0.93801504 0.41988769 0.2295715 ]
  [0.24403324 0.59305375 0.74428824 0.1583613  0.37593767 0.81083346
   0.64761314 0.2194376  0.51894757 0.79205476 0.85964188 0.0493971
   0.3261148  0.43353388 0.43624813 0.33180442]
  [0.10600493 0.59152573 0.59818532 0.97450331 0.95207131 0.18831673
   0.94747335 0.77644581 0.24601389 0.12959741 0.4684203  0.60179681
   0.64837616 0.21235807 0.09166968 0.43968816]]]
  Max Abs Diff:  0.9477770802571884
  Mean Abs Diff:  0.34452824584670516
  Median Abs Diff:  0.3201877586599563
  Std Abs Diff:  0.24341890560740032
  Max Rel Diff:  149.48555069770387
  Mean Rel Diff:  2.9731868681163887
  Median Rel Diff:  0.689492964521471
  Std Rel Diff:  11.261326574101728

  rtol, atol: 1e-05 1e-08


======================================================================
ERROR: test_norm_rfft (test_fft.TestFFT)
----------------------------------------------------------------------
Traceback (most recent call last):
  File "C:\Users\mutation\Desktop\theano-testcase\tests\test_fft.py", line 142, in test_norm_rfft
    utt.assert_allclose(irfft_ref * N, res_irfft, atol=1e-4, rtol=1e-4)
  File "C:\ProgramData\Anaconda3\envs\keras\lib\site-packages\theano\tests\unittest_tools.py", line 358, in assert_allclose
    raise WrongValue(expected, value, rtol, atol)
theano.tests.unittest_tools.WrongValue: WrongValue
           : shape, dtype, strides, min, max, n_inf, n_nan:
  Expected : (1, 16, 16) float64 (2048, 128, 8) -6.052522993921878 8.2421442763911 0 0 
  Value    : (1, 16, 16) float64 (2048, 128, 8) -6.052522993921878 8.2421442763911 0 0 
  expected    : [[[ 8.24214428e+00 -6.05252299e+00 -4.87270275e-01 -9.33671189e-01
    5.81076829e-01 -4.63606786e-01  3.25400556e-01 -7.99439829e-01
   -1.99248203e-01  5.30804859e-02 -3.17551286e-01  7.47767550e-01
    9.89417378e-02  1.77669210e+00  1.79783128e-01  5.31138673e+00]
  [-1.55736923e-01 -6.72987169e-01 -4.23080496e-01  2.32984215e-01
    7.24341338e-01 -3.97065196e-01  1.75622483e-02  2.83748347e-01
    4.14373076e-01  1.15982271e-01 -3.60205579e-01  1.38592638e-01
   -3.77672642e-01  4.84263285e-01 -9.23820809e-01 -8.25502744e-01]
  [-1.40899425e-01  6.95703879e-01  1.98233747e-01  1.04636116e-01
    1.57151169e-01  4.34699184e-01  1.42843556e-01  5.84607701e-02
   -2.15404207e-01 -4.25453480e-01  1.13024842e-01  2.80239169e-03
    1.54899860e-02 -2.87443942e-01 -1.00769367e-01  9.11703603e-01]
  [-2.61651043e-01 -7.53058711e-03 -1.12664270e-01 -1.79809384e-01
    2.93475278e-01 -4.56757268e-02  4.76709788e-01 -3.75189383e-01
   -5.39269963e-01  6.51016974e-01  8.39638195e-01 -8.16305682e-01
    1.36185951e-01 -1.31508296e-01 -3.48127940e-01 -1.25504019e-01]
  [-1.36110725e-01 -4.29072465e-01  4.02986451e-01 -5.27138299e-02
    6.60180697e-01  3.03457277e-01 -8.81206916e-01 -1.40709538e-02
    4.72784161e-02 -3.04193545e-01 -1.11719913e-01 -4.79978040e-01
    8.14567973e-01 -3.55077192e-02 -6.55118447e-01  3.80180945e-02]
  [ 2.52807283e-01  1.24220079e+00  2.91874326e-03 -3.48899463e-01
   -3.83337182e-01 -7.40027448e-02  7.50375481e-02  2.93682004e-01
    2.86354247e-01 -5.23439311e-01 -1.64661493e-01 -3.52942962e-01
    2.24168208e-01 -5.36503351e-02 -6.12842367e-01  2.81218432e-01]
  [-1.62580302e-01  1.61081225e-01 -4.26500447e-01 -8.57777097e-01
   -1.98269916e-02 -6.36474134e-01  4.27614981e-01  5.28915156e-01
    6.05461626e-01 -1.88954856e-01 -5.84382494e-01 -7.57313356e-02
   -7.38631314e-01  1.79969690e-01  6.87468477e-01  1.77485360e-01]
  [ 6.89368442e-02 -5.94277539e-01  6.50871345e-01  4.82317357e-01
   -5.02304634e-01 -7.45797027e-02  3.11947242e-01 -2.25397492e-01
    1.61432263e-01  3.95455360e-01 -5.85952080e-01  4.43952829e-01
   -2.58581193e-01 -1.67413241e-01 -1.21260699e-01 -3.68077302e-01]
  [ 1.82068337e-01 -2.73874687e-02  2.21986263e-01  2.91726748e-01
    1.23229814e-01  9.07655706e-01 -1.73682408e-01 -5.58496590e-01
    1.06330177e-01  4.03502331e-01 -5.85027967e-01 -5.93181744e-01
   -1.17034733e-01 -7.74055861e-01  1.61261487e-01 -7.01724591e-02]
  [ 3.87516472e-02  1.99107712e-01  2.17223076e-01 -2.60877080e-01
   -3.34499113e-01 -8.19689810e-02  1.10005652e-02  2.74541948e-01
   -4.05786323e-01  3.35410968e-01  3.88811608e-01 -3.73468082e-01
   -2.15793526e-01 -1.27632113e-01  4.17409626e-01 -2.80089309e-01]
  [-7.25488702e-02  5.57191570e-01  3.12014192e-01  1.63623884e-02
    1.73414563e-02 -2.17702878e-01 -4.14952974e-01 -4.34760431e-02
   -1.48001074e-01 -3.62431799e-01  1.28984087e-01  2.31355017e-01
    2.46868883e-01 -1.60160432e-01 -4.86138641e-01 -1.61760594e-01]
  [-6.76806733e-01 -4.06866802e-01 -1.93230472e-02 -4.41092408e-01
    4.81520788e-02 -6.62282539e-01  1.87445040e-01  2.56831649e-01
   -5.62199737e-01  1.77433395e-02 -3.36899137e-01  4.80836520e-02
   -7.06655255e-01  1.13978384e+00  3.08382311e-01 -3.28681470e-01]
  [ 2.68809295e-02  2.89565124e-01 -5.27279889e-01 -5.25975225e-01
    1.53875812e-01  3.03854909e-01  5.08075465e-01  9.94136632e-02
    6.25122578e-03 -4.77568644e-01  4.55278789e-01 -5.08132935e-01
    7.35615556e-02 -2.02022840e-01 -1.71571431e-01 -1.66458068e-02]
  [ 3.21861073e-01  3.44439881e-01  3.51015255e-01 -4.61725147e-01
   -2.83138599e-01  1.31952104e-01  5.62073367e-01 -2.06115117e-01
    1.41605690e-01 -2.05522723e-01  8.10074923e-02 -1.18154766e-01
   -4.23524843e-01  1.58754072e-01 -6.88293457e-01  2.35770199e-01]
  [ 1.27405156e-01  2.19476280e-01 -2.65494672e-01 -4.45643617e-01
    4.84214626e-01 -8.81949375e-02  9.65870978e-01 -4.40035006e-01
    2.14179029e-01  2.42973403e-01  3.63280327e-01 -8.02807082e-01
    2.35125675e-01 -1.87578758e-02 -7.72664506e-02  1.48374483e-01]
  [-3.22828744e-01 -5.41585717e-01 -4.69517821e-02 -6.13018793e-01
   -2.50133339e-02  2.57232661e-01 -4.09419334e-01  2.24625880e-01
   -1.66482469e-02  6.34523067e-01  6.53009255e-01 -3.17184544e-01
    8.15413584e-01 -1.29909196e-01 -3.59166946e-01  5.37477201e-01]]]
  value    : [[[ 8.24214428e+00  5.31138673e+00  1.79783128e-01  1.77669210e+00
    9.89417378e-02  7.47767550e-01 -3.17551286e-01  5.30804859e-02
   -1.99248203e-01 -7.99439829e-01  3.25400556e-01 -4.63606786e-01
    5.81076829e-01 -9.33671189e-01 -4.87270275e-01 -6.05252299e+00]
  [-3.22828744e-01  5.37477201e-01 -3.59166946e-01 -1.29909196e-01
    8.15413584e-01 -3.17184544e-01  6.53009255e-01  6.34523067e-01
   -1.66482469e-02  2.24625880e-01 -4.09419334e-01  2.57232661e-01
   -2.50133339e-02 -6.13018793e-01 -4.69517821e-02 -5.41585717e-01]
  [ 1.27405156e-01  1.48374483e-01 -7.72664506e-02 -1.87578758e-02
    2.35125675e-01 -8.02807082e-01  3.63280327e-01  2.42973403e-01
    2.14179029e-01 -4.40035006e-01  9.65870978e-01 -8.81949375e-02
    4.84214626e-01 -4.45643617e-01 -2.65494672e-01  2.19476280e-01]
  [ 3.21861073e-01  2.35770199e-01 -6.88293457e-01  1.58754072e-01
   -4.23524843e-01 -1.18154766e-01  8.10074923e-02 -2.05522723e-01
    1.41605690e-01 -2.06115117e-01  5.62073367e-01  1.31952104e-01
   -2.83138599e-01 -4.61725147e-01  3.51015255e-01  3.44439881e-01]
  [ 2.68809295e-02 -1.66458068e-02 -1.71571431e-01 -2.02022840e-01
    7.35615556e-02 -5.08132935e-01  4.55278789e-01 -4.77568644e-01
    6.25122578e-03  9.94136632e-02  5.08075465e-01  3.03854909e-01
    1.53875812e-01 -5.25975225e-01 -5.27279889e-01  2.89565124e-01]
  [-6.76806733e-01 -3.28681470e-01  3.08382311e-01  1.13978384e+00
   -7.06655255e-01  4.80836520e-02 -3.36899137e-01  1.77433395e-02
   -5.62199737e-01  2.56831649e-01  1.87445040e-01 -6.62282539e-01
    4.81520788e-02 -4.41092408e-01 -1.93230472e-02 -4.06866802e-01]
  [-7.25488702e-02 -1.61760594e-01 -4.86138641e-01 -1.60160432e-01
    2.46868883e-01  2.31355017e-01  1.28984087e-01 -3.62431799e-01
   -1.48001074e-01 -4.34760431e-02 -4.14952974e-01 -2.17702878e-01
    1.73414563e-02  1.63623884e-02  3.12014192e-01  5.57191570e-01]
  [ 3.87516472e-02 -2.80089309e-01  4.17409626e-01 -1.27632113e-01
   -2.15793526e-01 -3.73468082e-01  3.88811608e-01  3.35410968e-01
   -4.05786323e-01  2.74541948e-01  1.10005652e-02 -8.19689810e-02
   -3.34499113e-01 -2.60877080e-01  2.17223076e-01  1.99107712e-01]
  [ 1.82068337e-01 -7.01724591e-02  1.61261487e-01 -7.74055861e-01
   -1.17034733e-01 -5.93181744e-01 -5.85027967e-01  4.03502331e-01
    1.06330177e-01 -5.58496590e-01 -1.73682408e-01  9.07655706e-01
    1.23229814e-01  2.91726748e-01  2.21986263e-01 -2.73874687e-02]
  [ 6.89368442e-02 -3.68077302e-01 -1.21260699e-01 -1.67413241e-01
   -2.58581193e-01  4.43952829e-01 -5.85952080e-01  3.95455360e-01
    1.61432263e-01 -2.25397492e-01  3.11947242e-01 -7.45797027e-02
   -5.02304634e-01  4.82317357e-01  6.50871345e-01 -5.94277539e-01]
  [-1.62580302e-01  1.77485360e-01  6.87468477e-01  1.79969690e-01
   -7.38631314e-01 -7.57313356e-02 -5.84382494e-01 -1.88954856e-01
    6.05461626e-01  5.28915156e-01  4.27614981e-01 -6.36474134e-01
   -1.98269916e-02 -8.57777097e-01 -4.26500447e-01  1.61081225e-01]
  [ 2.52807283e-01  2.81218432e-01 -6.12842367e-01 -5.36503351e-02
    2.24168208e-01 -3.52942962e-01 -1.64661493e-01 -5.23439311e-01
    2.86354247e-01  2.93682004e-01  7.50375481e-02 -7.40027448e-02
   -3.83337182e-01 -3.48899463e-01  2.91874326e-03  1.24220079e+00]
  [-1.36110725e-01  3.80180945e-02 -6.55118447e-01 -3.55077192e-02
    8.14567973e-01 -4.79978040e-01 -1.11719913e-01 -3.04193545e-01
    4.72784161e-02 -1.40709538e-02 -8.81206916e-01  3.03457277e-01
    6.60180697e-01 -5.27138299e-02  4.02986451e-01 -4.29072465e-01]
  [-2.61651043e-01 -1.25504019e-01 -3.48127940e-01 -1.31508296e-01
    1.36185951e-01 -8.16305682e-01  8.39638195e-01  6.51016974e-01
   -5.39269963e-01 -3.75189383e-01  4.76709788e-01 -4.56757268e-02
    2.93475278e-01 -1.79809384e-01 -1.12664270e-01 -7.53058711e-03]
  [-1.40899425e-01  9.11703603e-01 -1.00769367e-01 -2.87443942e-01
    1.54899860e-02  2.80239169e-03  1.13024842e-01 -4.25453480e-01
   -2.15404207e-01  5.84607701e-02  1.42843556e-01  4.34699184e-01
    1.57151169e-01  1.04636116e-01  1.98233747e-01  6.95703879e-01]
  [-1.55736923e-01 -8.25502744e-01 -9.23820809e-01  4.84263285e-01
   -3.77672642e-01  1.38592638e-01 -3.60205579e-01  1.15982271e-01
    4.14373076e-01  2.83748347e-01  1.75622483e-02 -3.97065196e-01
    7.24341338e-01  2.32984215e-01 -4.23080496e-01 -6.72987169e-01]]]
  Max Abs Diff:  11.363909721630792
  Mean Abs Diff:  0.556212168531662
  Median Abs Diff:  0.37758024709732163
  Std Abs Diff:  1.0385411184712037
  Max Rel Diff:  104.65585357270639
  Mean Rel Diff:  3.797426031444788
  Median Rel Diff:  1.4117878305945208
  Std Rel Diff:  9.397588013064262

  rtol, atol: 0.0001 0.0001


======================================================================
ERROR: test_rfft_float (test_fft.TestFFT)
----------------------------------------------------------------------
Traceback (most recent call last):
  File "C:\Users\mutation\Desktop\theano-testcase\tests\test_fft.py", line 22, in test_rfft_float
    utt.verify_grad(f_rfft, [inputs_val], eps=eps)
  File "C:\ProgramData\Anaconda3\envs\keras\lib\site-packages\theano\tests\unittest_tools.py", line 92, in verify_grad
    T.verify_grad(op, pt, n_tests, rng, *args, **kwargs)
  File "C:\ProgramData\Anaconda3\envs\keras\lib\site-packages\theano\gradient.py", line 1795, in verify_grad
    abs_tol, rel_tol)
theano.gradient.GradientError: GradientError: numeric gradient and analytic gradient exceed tolerance:
        At position 1 of argument 0 with shape (1, 16),
            val1 = 6.501284      ,  val2 = -3.166349
            abs. error = 9.667633,  abs. tolerance = 0.000100
            rel. error = 1.000000,  rel. tolerance = 0.000100
Exception args: 
The error happened with the following inputs:, [array([[0.17879422, 0.39290109, 0.66452349, 0.94170539, 0.17319667,
        0.96860776, 0.11696833, 0.21404715, 0.48792125, 0.69376167,
        0.74933575, 0.63745332, 0.82847781, 0.1849127 , 0.36517333,
        0.80371161]])], 
The value of eps is:, 0.1, 
The out_type is:, None

----------------------------------------------------------------------
Ran 7 tests in 4.437s

FAILED (errors=5)
3
